image: 622test2.pgm
resolution: 0.050000
origin: [-0.888585, -2.704257, 0.000000]
negate: 0
occupied_thresh: 0.65
free_thresh: 0.196

